Probes	Sample_A	Sample_B	Sample_C	Sample_D	Sample_E	Sample_F	Sample_G	Sample_H	Sample_I
1415670_at	7.881277416	8.014900401	8.105646595	8.038661021	7.98694565	7.967664677	8.152089267	8.350774657	8.330648736
1415671_at	8.550557983	8.542761529	8.589900074	8.558988957	8.734039559	8.652450912	8.54532582	8.637384918	8.570854836
1415672_at	9.164179419	9.227641008	9.38370173	9.233082523	9.300086851	9.410708156	9.433116438	9.395547932	9.520814612
1415673_at	6.987555483	6.943453343	6.786006168	6.799507145	6.876276222	6.840382554	6.736326595	7.000201689	6.715208274
1415674_a_at	7.72076365	7.826528169	7.866436681	7.810996698	7.979611376	7.912198443	7.766663136	7.883762329	7.556473314
1415675_at	8.111344271	8.382417893	8.196223221	8.21977261	8.128894867	8.241160361	8.053970726	8.021388328	8.145087106
1415676_a_at	9.201390323	9.2392594	9.415026994	9.467332747	9.550337787	9.503339624	9.566989683	9.684880135	9.538700526
1415677_at	6.577523059	6.439699149	6.915539421	6.838019568	6.793252689	6.972250916	7.828883246	7.49001194	7.636858573
1415678_at	8.094395988	8.079922191	8.421746886	8.167751405	8.028369676	7.98605711	7.755403361	7.614973891	7.881142465
1415679_at	9.631968792	9.509057376	9.703925015	9.713538451	9.781703072	9.659852488	9.145758071	9.15060411	9.125295117
1415680_at	8.593687794	8.831648312	8.676541106	8.591643098	8.51337375	8.539551328	8.75808376	8.857410336	8.953842248
1415681_at	8.268385765	8.32823765	8.546746199	8.431604089	8.391838952	8.47098867	8.120357243	8.345362917	8.167903749
1415682_at	7.454798494	7.545169299	7.772046925	7.658051307	7.995442639	7.900197492	7.637037239	7.769315747	7.560092754
1415683_at	8.843715672	8.851554482	9.146264603	9.071815896	9.027038486	9.121370525	9.456440572	9.551410187	9.567336753
1415684_at	7.10113241	7.027531548	7.456005493	7.475227336	7.458160582	7.362600292	7.183221063	7.164560695	7.205346653
1415685_at	6.859091338	6.943082261	6.922973777	6.887635505	6.910275054	7.029692879	7.008593191	7.08416897	7.48400757
1415686_at	8.25432178	8.209087513	8.510233329	8.552522083	8.602457676	8.580557192	8.396876843	8.524331228	8.625825671
1415687_a_at	11.12557492	11.27253195	11.45627722	11.42046013	11.65817945	11.66958666	11.87153898	11.95308587	11.92844702
1415688_at	8.566630989	8.473304425	8.788418271	8.691051384	8.655407957	8.610079	8.989880014	8.789048407	8.77539664
1415689_s_at	8.210955314	8.062129768	8.068559476	7.882423246	7.985822176	7.902545122	7.650156007	7.904887838	8.019846729
1415690_at	6.888906616	7.131481083	7.244313391	7.210050567	7.400830722	7.470734699	8.306445433	8.108317123	8.272167954
1415691_at	8.510573326	8.352666993	8.523779501	8.447667472	8.205580042	8.296544587	7.91795557	7.989258865	8.016018593
1415692_s_at	9.950174086	9.973895796	10.04584913	9.959400865	10.01659918	10.1043764	9.942563395	10.02817466	9.958370572
1415693_at	7.894794045	7.77882897	8.343718146	8.051555698	8.178662793	8.299457258	8.428564532	8.177535591	7.835084511
1415694_at	7.64125642	7.623206901	7.651359067	7.573875051	7.787947233	7.722803365	8.410237579	8.247349165	7.873588018
1415695_at	8.993421508	9.089814673	9.392196075	9.244027157	9.463740685	9.405156159	9.730694969	9.637185961	9.579703987
1415696_at	8.479511629	8.362180967	8.698812755	8.626195675	8.682483942	8.663807696	8.71753624	8.780843624	8.965133747
1415697_at	8.471725673	8.42599395	8.651327657	8.604569054	8.60651764	8.568628807	9.00657487	9.317272674	8.951994427
1415698_at	7.903457851	8.165732377	8.254794004	8.099769763	8.019724215	7.952688717	7.917742804	7.768523847	7.780848838
1415699_a_at	8.725610064	8.790755208	8.698978111	8.646188786	8.674725964	8.652046592	8.763300508	8.849714451	8.80943293
1415700_a_at	8.830936956	8.785223622	9.291719869	9.230411678	9.483857351	9.398350549	9.541772461	9.558477014	9.64227304
1415701_x_at	12.62416885	12.51391338	12.54524932	12.53653379	12.47952662	12.40063283	12.46079062	12.51747645	12.55623918
1415702_a_at	9.675340759	9.699267059	9.89892688	9.753136731	9.854068691	9.861671867	9.525236126	9.699704629	9.762477107
1415703_at	9.206618067	9.404712426	9.337297522	9.229898541	9.16798594	9.123038188	9.338002912	9.159580862	9.10087252
1415704_a_at	9.233411669	9.338474508	9.37426134	9.250372475	9.314970021	9.290095011	9.309805795	9.504606032	9.491444695
1415705_at	6.5253985	6.677752241	7.018787536	6.987011938	7.095464677	6.884514918	6.852696832	6.453441953	6.874354759
1415706_at	9.732918688	9.661974312	9.833778684	9.764634791	9.822978232	9.891741683	9.838440242	9.582117983	9.917633054
1415707_at	8.065000826	8.159931123	7.886804916	8.086669491	7.989924642	7.992937348	7.993298212	7.822876477	7.98858757
1415708_at	8.972105039	8.983736923	9.107880162	8.875443968	8.909672578	8.944416425	8.483843567	8.43677618	8.722887645
1415709_s_at	7.769891218	7.790928377	7.769560697	7.836037317	8.119834187	8.159561518	7.570581781	8.36314854	7.698024667
1415710_at	6.790079749	7.017497571	6.941572524	7.029897887	7.041296066	7.030413103	7.222994876	7.184402263	7.291849889
1415711_at	9.473546354	9.554958637	9.468306325	9.411871865	9.414921707	9.439440349	9.105525811	9.277240696	9.41936134
1415712_at	7.141165785	7.075503274	7.170624028	7.073300353	6.870667831	6.995334254	6.937105774	6.784306915	7.256579295
1415713_a_at	7.811369195	8.07887807	8.223623623	8.130034674	7.97157407	8.115150326	8.312326514	7.77656775	7.751579179
1415714_a_at	8.372218451	8.302241361	8.594087374	8.599415677	8.724255795	8.577303596	9.050283906	9.258161649	8.777671247
1415715_at	6.59199947	6.603466686	6.496523773	6.783551245	6.454538531	6.548443801	5.763243335	6.564552471	6.683652077
1415716_a_at	12.74904746	12.55834406	12.52486978	12.50997832	12.49418457	12.52658433	12.23974196	12.19335127	12.35865522
1415717_at	8.707100803	8.582694993	8.796166616	8.689629924	8.718443632	8.624010701	8.419561673	8.530664728	8.571059051
1415718_at	8.069693566	8.042619483	8.356105108	8.362609139	8.140137295	8.264104718	7.550388644	8.10423921	8.199164339
1415719_s_at	7.854248033	7.790807918	7.836558714	7.737488561	7.701668872	7.99933276	7.509503989	7.956742525	7.980694808
1415720_s_at	7.279972368	7.216646554	7.310348769	7.213212915	7.511963005	7.290587573	7.022156594	7.18535477	7.183725114
1415721_a_at	8.349154269	8.299375836	8.608220822	8.537575668	8.291042587	8.332633236	7.890686198	8.126130596	8.167709816
1415722_a_at	7.940567951	7.966865165	8.049944524	8.155306515	8.13019622	7.978527366	8.246364238	8.135199053	8.118849172
1415723_at	9.877639735	10.0331141	9.971929342	9.925944821	9.888176059	9.763601639	9.40679595	9.386815376	9.571069804
1415724_a_at	10.01663674	10.07184748	10.40047924	10.33886048	10.35766229	10.48816057	9.811794124	9.695754835	9.853955554
1415725_at	7.087760761	7.272617065	7.244651113	7.20872051	6.949535474	7.099114867	7.18708745	6.807711503	7.003279226
1415726_at	8.347200121	8.378173903	8.536144959	8.399436678	8.497361314	8.528020231	8.712040009	8.699312789	8.5197782
1415727_at	8.082784242	8.111166157	8.229453197	8.163283772	8.335483166	8.343177128	7.915718299	7.735388022	7.577236664
1415728_at	9.222111961	9.02500166	8.563864243	8.495867836	8.761026514	8.652692648	7.969417681	8.331577619	8.15234077
1415729_at	8.761748912	8.683038228	8.786749933	8.697540302	8.796120298	8.82063149	8.211733768	8.946157805	9.081589635
1415730_at	9.133414313	9.133658895	8.802896568	8.791741626	8.712812678	8.701222499	8.808771738	8.730920779	9.104189313
1415731_at	8.131431683	8.178698257	8.262499985	8.134768912	8.016271784	8.165636078	7.66181347	7.802530644	7.791839059
1415732_at	8.263717386	8.164592403	7.969091742	8.147943016	8.200781281	7.955141697	8.340876297	8.306150583	8.092872736
1415733_a_at	8.602519384	8.624411192	8.592966352	8.588763086	8.525675193	8.476282362	8.700818068	8.932418382	9.058327732
1415734_at	9.604345891	9.508255541	9.870599417	9.871918831	9.7996676	9.756643355	9.64868352	9.809453749	9.68316814
1415735_at	9.059544927	9.049227231	9.134990685	9.157185108	9.247518775	9.174023858	9.251783026	9.300188755	9.260170359
1415736_at	9.687702292	9.79524122	9.976138286	9.984391234	9.73160557	9.743636708	9.328806554	9.150214217	9.090462927
1415737_at	8.745814416	8.506412229	8.67936856	8.561770637	8.625661187	8.606981794	7.508427261	7.938945749	8.17089688
1415738_at	7.831769355	7.883443718	7.904986143	7.93995224	7.962329582	7.906228158	8.144196075	8.287365052	8.116271191
1415739_at	8.010126468	8.331294183	8.43087929	8.492021967	8.370949674	8.456385514	8.595919361	8.656511862	8.77057441
1415740_at	8.3395925	8.269012621	8.430340317	8.491271372	8.689524402	8.574400395	8.602135585	8.790143355	8.651169915
1415741_at	8.3327006	8.245738259	8.573260648	8.487544498	8.661210288	8.536208174	8.709472745	9.119765193	8.990909001
1415742_at	8.7286311	8.785801281	8.84204732	8.812851659	8.757747342	8.716441294	8.560169535	8.631646265	8.520473555
1415743_at	7.501243497	7.591566842	7.618543653	7.557058494	7.530413135	7.567238091	6.756360662	7.146922276	7.771509095
1415744_at	9.263251855	9.204268557	8.972165769	9.345008167	9.137236204	9.17856512	9.548151073	9.47223684	9.233302143
1415745_a_at	7.844317788	8.006422977	7.707206529	7.771457647	7.704780901	7.871948559	8.229640479	8.090558285	8.042604184
1415746_at	9.599426022	9.521182242	9.518544618	9.366150772	9.392169618	9.424506164	8.99908131	9.203741159	9.214570586
1415747_s_at	8.284937952	8.286249914	8.382937312	8.28989267	8.558161207	8.601436356	8.440029092	8.552958049	8.729361761
1415748_a_at	8.962060701	8.833831337	8.954985335	8.855713651	8.814563155	8.7987639	8.451094877	8.658461085	8.752383055
1415749_a_at	8.148275596	8.120377314	8.325365338	8.300484283	8.287612649	8.447119891	8.585466058	8.58663888	8.715342218
1415750_at	7.186110142	7.463723913	7.398867079	7.484630117	7.266808071	7.348123239	7.798999057	7.496539271	7.372116743
1415751_at	9.268328764	9.403728724	9.608891532	9.456326373	9.427859457	9.536428907	9.041334793	9.056577554	9.282920734
1415752_at	8.516074371	8.453486146	8.639034247	8.562594985	8.735304663	8.655439442	8.252986876	8.658846137	8.490627694
1415753_at	8.88951054	9.083569752	9.012854746	8.946973915	8.827638869	8.884455275	8.353973518	8.432067683	8.495517741
1415754_at	7.808376292	7.873558009	8.177123275	8.092456634	8.15488234	8.239249444	8.49713688	8.377224468	8.410592544
1415755_a_at	8.85819675	8.984985139	8.964548991	9.157385578	9.040588442	9.198194142	9.153670282	9.438649737	9.05903112
1415756_a_at	7.35947464	7.511326472	7.718899107	7.571017924	7.292453038	7.443822436	7.743316025	7.189680639	7.600672281
1415757_at	7.724766274	7.858145209	7.717288938	7.889194423	7.612019418	7.543031818	7.884026808	7.847615856	7.731083924
1415758_at	8.178176175	8.135778261	8.340753221	8.39856405	8.410938285	8.486816682	7.948391486	8.322275557	8.385076943
1415759_a_at	8.347227965	8.387388401	8.57948346	8.517669588	8.560789359	8.453138223	8.465179834	8.499475248	8.465898996
1415760_s_at	7.925165904	8.126943707	8.9391762	8.997015004	8.864103699	8.784206629	8.787531346	9.101994026	8.826168811
1415761_at	7.800530421	8.120938875	8.398524077	8.464098333	8.508920998	8.291013185	8.21703941	8.074376413	8.272700552
1415762_x_at	8.689236165	8.707275297	9.016029018	9.030692603	8.966864942	8.805877827	8.85214153	8.934788819	9.387283857
1415763_a_at	8.848589828	8.965839892	8.923939659	9.110961318	8.808280675	8.865160187	8.722906715	8.795427663	8.925282694
1415764_at	10.04328831	9.863405838	9.816860561	9.611725582	9.689823933	9.71481684	9.257486894	9.69219014	10.01892612
1415765_at	8.434702695	8.701970055	8.643742421	8.559022252	8.630469766	8.63417229	8.01275494	8.310074777	8.434753416
1415766_at	6.650069779	6.532670089	6.885200479	6.633636034	6.656403502	6.807787906	6.687423393	6.597233895	7.332156305
1415767_at	8.465368644	8.505884666	8.736088792	8.626600035	8.612465628	8.611696582	8.628946023	8.514529199	8.582010225
1415768_a_at	8.126456161	8.222252492	8.380672427	8.293796073	8.378326941	8.285348784	7.749340144	8.119013995	8.298917938
1415769_at	8.754549434	8.712852982	8.452084728	8.507700588	8.569267904	8.483036055	8.409250475	8.587051446	8.470814401
1415770_at	8.603306212	8.742674114	8.544097563	8.490379804	8.560498712	8.453932492	8.729072085	8.5055007	8.858823552
1415771_at	10.56873734	10.7325816	10.73046968	10.59548839	10.68499851	10.67568215	11.31394073	10.94269316	10.43084782
1415772_at	6.683579275	6.733633846	6.643323249	6.784915497	6.637011882	6.511123262	6.85279465	6.264442307	6.159280137
1415773_at	9.320232187	9.538791408	9.370543681	9.149749072	9.111055921	9.209519219	9.597895795	9.187927395	8.602703634
1415774_at	6.335978327	6.969070732	6.886150024	6.682924211	6.801353703	6.451179658	7.007481035	6.13446372	6.386705767
1415775_at	9.510808524	9.553538483	9.790907331	9.726894476	9.773381626	9.74679704	10.83367397	10.34976072	10.38758556
1415776_at	7.35461341	7.25789181	7.294671875	7.21716539	7.444190294	7.150463603	7.165215163	7.275130469	7.166952376
1415777_at	3.91660636	3.652884896	4.137950433	3.433513557	3.837231442	4.101725623	3.68675296	4.113785026	3.705094319
1415778_at	9.673389608	9.583122574	9.617022584	9.601687204	9.860724153	9.740038832	9.838254347	9.836652427	9.969933963
1415779_s_at	11.87864784	11.92648128	11.8838112	11.8286725	11.95413016	11.91731634	12.47205771	12.42579782	12.20406827
1415780_a_at	6.462441093	6.318032618	5.929026729	6.452761843	6.29903371	6.269451089	6.830207579	7.620557026	6.772523592
1415781_a_at	11.2508439	11.2111316	11.14750481	11.0626692	11.21518129	11.19819778	11.60616537	11.69666561	11.63905359
1415782_at	11.11402793	10.97531685	11.07009774	10.90382704	11.09494531	11.10887994	11.63218796	11.53976341	11.42129531
1415783_at	8.913575309	9.005267267	9.174951845	9.119421564	9.223254113	9.338410881	9.420190064	9.497371236	9.534719724
1415784_at	6.295413453	6.479037513	6.246852049	6.443145564	6.103438473	6.30983061	6.912543793	6.444254198	6.272788058
1415785_a_at	8.871839659	8.716034814	8.928497447	8.865710349	9.058591507	8.963243059	9.352282947	9.454598524	9.153419865
1415786_at	2.604360646	1.153910286	1.230206352	2.408947222	1.769130562	1.633935726	2.659215593	3.359569591	2.700788223
1415787_at	8.660413592	8.812473055	8.846343804	8.726779317	8.920714636	8.781406366	8.273688177	8.310875241	8.422086963
1415788_at	8.555757934	8.952537484	8.551603441	8.480021198	8.437609909	8.478312438	8.796626966	8.616198399	8.487046807
1415789_a_at	7.91432688	8.43256256	7.984443778	7.87815362	7.885087096	7.890644473	8.011427096	7.780269288	7.73834184
1415790_at	8.142668748	8.543767537	8.029812581	7.914436339	7.967788431	7.793389676	8.241847309	8.041077635	8.002315619
1415791_at	7.922452299	7.967350879	7.972744506	7.973371552	7.9792731	8.062423824	7.924780763	8.066086631	7.794560697
1415792_at	8.835590132	8.900529512	8.859960831	8.898741613	8.848954554	8.858064135	8.84688851	8.97218621	8.972777995
1415793_at	7.080947955	7.207439258	7.317240653	7.368313388	7.596011607	7.666414741	6.996991299	7.195436678	7.373265505
1415794_a_at	8.403289437	8.345983154	8.665261156	8.476257878	8.467639945	8.393470986	8.614339877	8.466380631	8.729405121
1415795_at	5.530331743	5.780535587	5.661867867	5.666862004	4.781159427	5.487177389	5.334040806	4.841892879	4.70192907
1415796_at	11.02525978	11.05097723	11.10490849	10.97326792	11.05624327	11.1624018	11.06085237	10.68510434	11.06390356
1415797_at	4.624296652	4.607589902	5.557611064	5.678723212	5.433480115	5.664714271	5.473287127	5.988047562	4.739204299
1415798_at	3.983389919	3.34906844	4.671532067	5.354000721	4.82276835	4.548826087	5.009130854	5.165695422	4.302382137
1415799_at	8.717246497	8.888658249	8.988347203	9.032971713	8.864994528	8.967859797	8.869741637	8.990301007	8.945678473
1415800_at	3.358529323	3.686313611	4.091644437	3.835219479	4.151681157	4.452048522	7.722902464	6.329883582	6.305120357
1415801_at	4.68575132	4.578217185	4.850292261	4.262038091	4.077701441	4.571673298	4.750706121	4.817552782	4.668082021
1415802_at	5.907560873	6.331001476	6.955153054	6.730271749	7.382581089	7.58824507	7.123914812	7.339241587	6.775559655
1415803_at	4.156684248	4.881820851	3.358118092	1.583048409	4.573205636	4.103532735	4.752553448	4.45609418	3.695802112
1415804_at	1.685710456	3.652466641	4.47390098	4.120074765	2.039968645	1.924963859	4.21006045	2.709996416	2.629176271
1415805_at	6.016793914	5.721648325	5.433021299	5.462887009	5.473654181	5.574823589	5.551369013	5.368481733	5.558519345
1415806_at	4.593055244	2.852921257	4.645632148	4.051122617	4.128768258	2.851500201	7.358689676	6.468440478	5.981604762
1415807_s_at	8.496243715	8.28288982	7.999349514	7.844946182	8.185211932	8.250110855	9.055857138	8.842150516	8.452982586
1415808_at	2.861809868	2.395797247	3.234360599	3.562980494	2.666188969	2.366040287	3.745486483	4.658404202	4.022077583
1415809_at	4.072632413	4.204511802	3.748352035	4.206808479	3.78218336	3.755838908	4.957569203	3.78780688	4.135583789
1415810_at	6.284778385	6.839331272	6.266678802	6.066496943	6.867245505	7.050534422	8.904107763	8.744254056	7.960735789
1415811_at	7.383168586	7.710114808	6.975575042	7.013930446	7.104484755	7.107168921	8.049146799	8.03560743	7.434224275
1415812_at	7.962754895	7.807545427	8.205693222	8.193889254	8.152293547	8.204678085	8.173174483	9.080311867	8.955153883
1415813_at	8.206612049	8.290149027	8.664661274	8.686191658	8.685044479	8.622866522	8.698763356	8.808415284	8.316847848
1415814_at	8.589288383	8.428736806	8.832111035	8.809287664	9.087870133	8.982547014	8.91860379	9.046056232	9.195512239
1415815_at	2.1653453	1.694606598	1.685286343	2.239498071	2.545750894	3.072696981	3.081612626	2.466008269	2.168807253
1415816_at	8.882615678	8.976470121	9.161025156	9.159902628	9.125182929	9.212875015	9.352667095	9.66462237	9.146240589
1415817_s_at	8.47550752	8.630235006	8.79849939	8.708610608	8.676511514	8.75813375	8.966213535	9.156439523	8.499467675
1415818_at	9.035406629	9.006278126	9.494344099	9.40581618	9.501350316	9.514046191	8.074542572	8.287593519	7.887071393
1415819_a_at	9.147731052	9.31531705	9.517752005	9.448261355	9.44520952	9.436358464	9.450255846	9.413444498	9.30207284
1415820_x_at	9.207824479	9.231697951	9.42999633	9.447775545	9.430571304	9.327255773	9.327425628	9.511627295	9.664108575
1415821_at	8.546013918	8.539013496	9.134583022	8.954223307	9.155239013	9.102760847	8.490589007	8.659064558	8.615147608
1415822_at	8.523568323	8.826521941	8.727892832	8.63064642	8.766910935	8.76678689	7.869430994	8.51981413	8.861272321
1415823_at	7.76235581	7.968754939	7.659438152	7.513944841	7.552461997	7.695628653	7.092077486	7.71969605	7.366676549
1415824_at	5.62001378	6.180298769	5.966906383	6.559416483	6.167508521	6.585638191	5.545606234	5.88929369	6.731889694
1415825_s_at	7.873520383	8.17845262	8.38257239	8.300132913	8.430569786	8.397159574	7.791999641	8.296999844	8.354050034
1415826_at	7.435534939	7.274493787	7.483585723	7.459855353	7.401834815	7.387479492	8.076806955	7.904158239	7.778141344
1415827_a_at	11.02188418	10.96099456	10.91265748	10.83986745	10.86335491	10.88693787	10.84786841	10.49557625	10.49820098
1415828_a_at	10.89812278	10.73150255	10.82422418	10.69774903	10.75100623	10.72926913	10.84535149	10.47994407	10.13981597
1415829_at	10.48717066	10.22636723	10.35941969	10.27545826	10.4495409	10.42377859	10.00022028	10.35615498	10.04417534
1415830_at	6.573539687	6.426944749	6.80163101	6.841486394	6.610519073	6.620488262	6.306727163	6.142714974	6.396473994
1415831_at	8.908945447	8.909107796	9.06322452	9.039114234	9.150513233	9.110179573	9.223874451	9.397107889	9.334710901
1415832_at	2.136579134	2.79746781	3.650135822	2.792707194	3.986760876	2.601691135	3.732996791	3.557006048	2.536100265
1415833_x_at	12.92007962	12.72636388	12.68549157	12.70806236	12.65524143	12.66054266	12.65349369	12.63970244	12.71316846
1415834_at	8.232142253	7.657584612	8.025048678	8.033017683	7.859776655	7.803596582	7.737814487	7.891851448	7.632108101
1415835_at	4.006616679	3.759505141	4.283525312	4.320758532	4.141047034	4.450576516	4.749053315	3.564975883	4.225081205
1415836_at	6.355042305	6.850402389	6.848558257	7.072054076	7.230335529	6.996906314	7.400559635	7.340878881	7.205956999
1415837_at	4.079668173	3.96377904	2.702636101	3.130818225	2.922955987	3.186633478	1.900366865	3.640838754	2.190919561
1415838_at	8.056647954	8.134854937	8.48741322	8.390851187	8.398498385	8.467009943	8.510957211	8.348682685	8.258566606
1415839_a_at	10.55388861	10.78109097	10.80074302	10.74624419	10.7039956	10.72136196	10.8712164	10.82713606	10.99732558
1415840_at	9.204285262	9.221627364	9.830647204	9.737034639	9.576147469	9.64627252	8.366704052	8.993621804	9.126062648
1415841_at	8.22298882	7.978588991	8.327383045	8.278703459	8.303901887	8.381396981	8.393455417	8.357117276	7.959651242
1415842_at	7.032929881	7.260549426	6.960950352	7.097816335	7.010046324	7.141921315	7.313770782	7.143410305	7.196324951
1415843_at	5.843500478	5.979489476	5.767097128	5.681253107	5.596327975	5.633068715	5.711579658	5.526888633	5.531583226
1415844_at	2.577887393	2.43031171	1.038472233	3.285603285	1.907583885	1.879591795	2.435626795	1.751191559	1.710349452
1415845_at	3.326320553	4.038110227	4.078902199	2.989009662	4.125404169	2.645733312	3.338331618	3.154362873	3.564315834
1415846_a_at	2.815652255	3.053603737	3.265994709	3.144190211	3.534910838	2.602570928	3.070567405	2.914665595	2.213044045
1415847_at	0.013852577	1.050993628	3.940294597	2.060887182	3.079646522	2.866577612	2.698853912	3.21192955	2.321069732
1415848_at	6.86317234	6.68251626	6.461754571	6.527583538	6.568752349	6.755749091	7.010506527	6.928035212	6.920829825
1415849_s_at	8.610304356	8.8682807	9.056139427	9.001759982	9.483838633	9.340558306	10.49828838	10.78414556	10.52470383
1415850_at	9.362712268	9.174039741	9.324535414	9.16682075	9.616695933	9.608098033	8.282080886	8.847960198	8.906471469
1415851_a_at	9.104773785	9.224000009	9.236075813	9.270087711	9.212621426	9.055948254	9.403220953	9.415903634	9.326267355
1415852_at	9.462618609	9.583457884	9.662487442	9.639298939	9.517355388	9.408661575	9.878867186	9.848131281	9.606264687
1415853_at	5.493231883	5.878740237	6.037980077	5.919136593	6.22429308	6.031605554	5.978802548	5.408263938	5.85681333
1415854_at	4.121894173	3.515847582	4.319538958	4.729038311	3.883002527	3.808624023	5.262652153	4.385087724	4.90857221
1415855_at	5.76881379	6.087756349	5.854243553	6.364337628	5.783448043	6.52927377	8.040411078	7.296626647	7.355148075
1415856_at	6.243766306	6.719764812	8.132705514	8.030350643	7.819638964	7.81524897	7.088675378	7.41482738	7.492785275
1415857_at	7.49867713	7.683634579	9.101889594	8.998973753	8.638244718	8.597007658	8.037395166	8.388854225	8.165786867
1415858_at	9.62457462	9.714535408	9.880375627	9.83255992	9.701377993	9.784582085	9.906836938	9.800227878	9.665185502
1415859_at	9.221630316	9.341544626	9.176724843	9.089384134	9.169677551	9.137460703	8.694881069	8.875466334	9.459322359
1415860_at	8.745489994	9.125906135	8.973294812	8.80846543	9.157305597	9.263714438	10.62875866	10.55152831	10.07884552
1415861_at	4.246319391	3.706211501	4.295909983	2.653870029	3.800944726	3.304614353	3.740362686	4.313897544	2.881808923
1415862_at	3.511257753	3.955334469	4.087264437	3.948228454	3.93912055	3.390345515	4.127702137	3.882190485	3.585265148
1415863_at	10.40406343	10.4070366	10.43812083	10.43831569	10.54895898	10.64799448	10.66733645	10.35280585	10.47698275
1415864_at	4.995758282	5.441425685	6.673754795	6.418719102	7.616423189	7.855156246	5.04351125	5.069076239	4.450066177
1415865_s_at	6.018328154	6.046920357	7.491369728	7.306681801	8.656955048	8.603861304	5.95303583	6.189975919	6.468921889
1415866_at	6.725743592	6.756958257	6.745121063	6.753444348	6.657591903	6.722529327	5.762099202	6.332758519	6.446338078
1415867_at	10.00586758	10.00520743	10.2396872	10.10517397	10.11206769	10.10946966	9.995360624	10.1130903	9.813188605
1415868_at	2.930288088	2.678215747	3.306545266	2.632354849	4.184555229	3.511097487	1.289144175	2.86824732	2.996830113
1415869_a_at	9.019560962	9.252236268	9.399817922	9.347059386	9.305678775	9.180057332	9.344086736	9.475542365	9.319466686
1415870_at	7.941869814	8.020177323	8.28002934	8.217011328	8.307424503	8.386415423	8.614320745	8.637825715	8.454766243
1415871_at	6.369792826	6.382915717	7.968798155	7.903937102	8.075460582	7.987578253	8.52863265	9.538523449	9.20132014
1415872_at	10.42892547	10.31616687	9.827020176	9.711640313	9.880622326	9.878126894	10.35731245	10.16835869	10.28179531
1415873_a_at	8.773000592	8.664520747	8.777035117	8.832243479	8.721829003	8.68201022	8.589324424	8.779397879	8.714514272
1415874_at	5.92665686	5.546325843	5.814036956	5.990437019	6.059079803	5.706793476	6.475280095	6.548523656	6.485510587
1415875_at	4.449232199	4.018207583	4.487008371	4.721514093	4.645899135	4.370315225	4.98776817	4.189365732	4.154488177
1415876_a_at	11.9031092	11.87074884	11.85525186	12.01433494	11.91666864	11.90450705	12.02168683	11.78542189	11.80180276
1415877_at	4.882072053	4.713964685	4.210361399	4.661674548	4.569972221	4.626240507	5.233120964	5.242077798	5.642206083
1415878_at	7.452764781	7.567870804	7.566726949	7.620933219	8.103025331	8.091469885	9.279114736	9.354641826	9.040392024
1415879_a_at	12.14323372	12.2892359	12.44295541	12.43453911	12.38275483	12.42696676	12.19624616	12.28617492	12.43969957
1415880_a_at	9.780814744	9.813512163	10.30194737	10.20433168	10.29106945	10.34994494	11.13782492	11.36421	11.29805677
1415881_at	8.08656633	8.06138068	8.496770547	8.490261171	8.649824225	8.465525582	8.830007657	8.681934865	8.731221602
1415882_at	9.31151549	9.250313221	9.47089286	9.396631603	9.45158649	9.305823802	9.969546021	9.956536938	9.745733273
1415883_a_at	2.961100524	2.399125058	1.88514195	3.09591946	2.478521984	2.868845758	2.238817753	3.355451031	2.620965053
1415884_at	6.389792165	6.422274707	6.278030924	6.125188262	6.446862039	6.089519298	6.556827086	6.699958634	6.321002483
1415885_at	4.128760722	3.28699607	3.268491464	3.772295534	4.286914498	3.712773724	4.332981704	4.508514078	3.738751139
1415886_at	7.646878246	7.744012619	7.664534455	7.698807308	7.714521075	7.543435103	6.912058878	6.98207891	6.754433412
1415887_at	10.11388486	9.978802227	9.778569932	10.20921175	9.9873805	10.12817447	10.39526754	10.29860733	10.22687924
1415888_at	8.453825606	8.536398811	8.765526233	8.621558838	8.614410925	8.723806718	9.144966171	8.886409167	8.726366663
1415889_a_at	10.6324205	10.71640674	10.75422081	10.65187279	11.19107371	11.25453866	10.16997842	10.83951825	10.54414058
1415890_at	6.914186883	7.023303251	7.453752929	7.30414394	7.282111743	7.41512272	7.595453026	7.461277467	7.479766001
1415891_at	8.952713635	9.023018721	9.044697193	8.946583398	8.791260227	8.928480131	8.951646801	8.793995845	8.34432517
1415892_at	7.549173451	7.750268857	7.729671408	7.686554726	7.767981447	7.884661609	8.137796413	7.995834189	8.016233721
1415893_at	6.41723716	6.519292202	6.787953785	6.59205467	6.449223271	6.689247001	7.079834203	6.92375579	6.423707719
1415894_at	4.021567687	3.598118958	4.070593111	4.222228043	4.02643306	3.851575177	8.855689313	8.65480431	8.755948881
1415895_at	9.711191177	9.606589802	9.285148326	9.297026455	9.411922927	9.365844032	9.915913577	9.866759122	9.935834924
1415896_x_at	9.467300751	9.327996352	8.818860841	8.9532697	8.996337263	9.132925185	9.610428016	9.42472647	9.393130206
1415897_a_at	6.596699428	7.039777075	7.685584754	7.576645808	8.099828409	8.24783282	8.610989722	8.730067133	8.272319382
1415898_at	3.941573867	4.135457491	3.719873767	3.832027211	4.659288374	3.90761995	4.150942056	3.791401772	3.033457766
1415899_at	8.587606599	8.013517151	8.622152092	8.338209117	8.684318157	8.804131359	8.481043095	8.63194184	8.444309451
1415900_a_at	5.573954158	5.637346959	5.779229124	5.811180706	5.912548382	6.013025865	6.430437677	5.958267805	5.940865993
1415901_at	7.29929287	7.444688303	7.370488687	7.454619145	7.407594319	7.580999284	7.596943004	7.685645521	7.481062028
1415902_at	1.796564893	1.819886542	1.625147766	1.610146013	1.743673286	1.52722221	1.748198925	1.675274733	1.654456402
1415903_at	9.029337049	8.872377241	9.061971368	8.889699704	9.011856902	8.943158522	8.786680923	8.721333076	9.26736301
1415904_at	3.780511241	4.948661615	5.106248923	4.872042992	5.658296391	5.49116219	7.558663274	7.472966537	7.742242719
1415905_at	3.850039882	4.914371827	4.805446095	4.9264599	5.169595684	4.083570694	5.028002009	4.958547438	4.618212033
1415906_at	12.54242505	12.52158343	12.47722507	12.51372902	12.57001089	12.54974295	12.69785428	12.74629111	12.82860562
1415907_at	9.045595813	9.324483094	9.621228531	9.630403651	9.574599337	9.480779789	9.342685116	10.06084155	9.372299807
1415908_at	7.499904938	7.356826282	7.413715908	7.187659737	7.583738192	7.715286599	8.219901826	8.266425003	8.128715987
1415909_at	9.540647518	9.038035824	8.917293147	8.743306856	9.04244826	9.22190809	8.994472957	9.334845765	8.74435811
1415910_s_at	7.736860721	7.586544067	7.532948965	7.339924592	7.658353505	7.599058636	7.544686455	7.774397787	7.631272183
1415911_at	7.345709333	7.449625405	7.31060787	7.299392965	7.218373162	7.167394113	7.881586514	7.803304486	8.07247016
1415912_a_at	11.26910746	11.25383868	11.17212557	11.16117262	10.88883719	10.83424507	11.04086755	10.87812251	10.69833058
1415913_at	6.340828422	6.095784074	5.840985096	5.313225876	5.276816673	5.956232945	5.539862844	5.880354013	5.900995955
1415914_at	9.469687173	9.61546282	9.859021744	9.778509973	9.958132529	9.944336654	10.364991	10.49349333	10.14662448
1415915_at	7.459294755	7.713857223	7.742391116	7.817191602	7.722239193	7.72066677	8.729907872	8.336720536	8.300206894
1415916_a_at	6.972235459	7.342417134	7.440105382	7.14354617	7.61741298	7.561427576	7.986962139	7.987809628	7.628259428
1415917_at	7.080812079	7.508340984	7.204053428	7.398573408	7.551627447	7.535334292	8.173431049	8.268886305	7.701864736
1415918_a_at	7.853623128	8.04496078	8.332468222	8.154420867	8.151072886	8.20778127	9.981062548	9.61335473	9.356756579
1415919_at	5.976341213	6.179367404	5.938505435	5.818656799	5.607379299	5.906356268	6.903444869	6.829860535	6.619656602
1415920_at	8.673454354	8.518779602	8.816365643	8.637452374	8.78584153	8.798174766	8.196367063	8.040939006	8.722420407
