	GSM74875	GSM74876	GSM74877	GSM74878	GSM74879	GSM74880	GSM74881	GSM74882	GSM74883	GSM74884	GSM74885	GSM74886	GSM74887	GSM74888	GSM74889	GSM74890	GSM74891	GSM74892	GSM74893
1007_s_at	9.819565	9.996284	9.408937	10.389239	10.129356	10.094622	9.476514	9.433171	9.808435	10.051977	9.860412	9.637940	9.584786	10.227904	9.893508	9.769497	9.640829	9.913066	9.942066
1053_at	6.273315	6.281698	6.238251	8.600750	7.512592	7.380511	6.146780	6.057924	5.749897	6.122425	6.237550	6.281311	6.320553	7.600023	8.113393	6.382038	5.938310	7.173972	7.256017
117_at	5.139791	5.379402	5.202840	5.179675	5.019845	5.081443	5.508015	5.700962	5.203832	5.466023	5.199872	5.296648	5.386720	9.297770	6.210214	5.682893	5.716088	7.455130	7.281259
121_at	6.980207	7.134305	7.017812	6.915497	6.988074	7.040744	7.419044	7.342474	7.558201	7.688988	7.513176	7.318404	7.301111	7.019145	7.012336	7.095189	7.190555	7.140078	7.124447
1255_g_at	3.288932	3.227720	3.172289	3.249081	3.217174	3.166239	3.316541	3.220619	3.250533	3.290890	3.173075	3.200419	3.333120	3.374597	3.241964	3.160927	3.407422	3.292719	3.342513
1294_at	7.492713	7.632560	7.640793	7.362701	7.502883	7.473628	6.969079	7.066594	7.561447	7.502668	7.414363	7.204278	7.274481	7.437750	7.606599	7.065091	6.524013	7.311862	7.188937
1316_at	6.154665	6.459238	6.144482	6.246580	6.174775	6.202309	6.070342	6.277791	6.518223	6.330892	6.290668	6.254294	6.264964	6.667659	6.266567	6.320367	6.448458	6.352301	6.368535
1320_at	4.267743	4.198454	4.362318	4.277563	4.233540	4.329207	4.249134	4.403296	4.182730	4.363883	4.396413	4.254235	4.340363	4.179482	3.977208	4.127677	4.484133	4.077008	4.269398
1405_i_at	6.012316	5.061513	7.247268	5.525614	6.044643	6.004810	5.673901	6.099168	5.946515	5.733685	6.292430	6.026382	5.972715	3.634358	4.056871	5.114267	4.237024	4.040800	4.017353
1431_at	3.816303	4.043622	3.761298	3.672325	4.022130	3.776844	3.729128	3.798882	3.785276	3.974107	3.792508	3.652477	3.691727	3.777258	3.666221	3.583938	3.437651	3.591071	3.596799
1438_at	6.091983	6.107725	6.173148	6.415381	6.306066	6.293766	6.446573	6.459361	6.142833	6.840072	6.993019	6.695146	6.622125	6.777575	6.597652	5.592335	6.202932	6.122868	6.392839
1487_at	6.614573	6.473671	6.562448	6.687842	6.719630	6.797171	6.799244	6.919446	7.183487	7.008193	6.725851	6.916437	6.800890	6.537922	7.331053	7.047758	7.494186	6.947340	7.159104
1494_f_at	4.924404	4.845029	4.679653	4.436565	4.695156	4.561508	4.732518	5.122689	5.271693	4.917153	4.945094	4.830601	4.769542	4.711239	5.031026	5.004408	5.226036	4.736002	4.929599
1598_g_at	9.581771	9.013859	9.589806	8.465292	9.025865	9.010102	8.492019	9.294141	9.079851	8.829123	8.641866	8.868110	8.801203	8.500518	8.301652	8.693269	8.460265	8.410208	8.456034
160020_at	6.320443	6.368398	6.098727	6.087436	6.157878	6.190077	6.311958	6.453549	6.693618	6.726653	6.361318	6.339016	6.363428	6.393932	6.360231	6.290454	6.358590	6.473499	6.504435
1729_at	7.834937	7.922439	7.606692	7.928324	7.707054	7.731500	7.821685	7.608674	7.605873	7.954300	7.811588	7.701994	7.702918	7.333937	6.980964	7.968763	7.650109	7.352808	7.256129
1773_at	5.468382	5.079314	5.240597	5.580138	5.343363	5.732938	5.696836	5.579713	5.203627	5.739087	5.565524	5.685504	5.631506	5.777841	5.732981	5.350259	5.315662	5.532829	5.477420
177_at	4.138348	4.057216	4.191503	3.891232	4.072217	4.041437	4.058377	3.951537	4.249065	4.172483	4.048478	3.894160	4.082415	3.965380	3.958465	4.418129	4.427492	4.012246	4.008865
179_at	7.487226	7.692056	7.488755	7.650758	7.545599	7.706590	7.850438	7.874366	8.248631	8.262670	8.006393	7.810534	7.901112	7.914614	7.667949	7.984747	8.188608	7.960660	7.875084
1861_at	6.655465	6.687764	6.474927	6.917795	6.822427	6.756839	6.825249	6.384907	5.676787	6.354125	6.539526	6.414249	6.585722	6.514074	6.635526	7.113544	8.355687	7.331044	7.333322
200000_s_at	9.553995	9.535595	9.477020	9.738652	9.501413	9.531916	9.278709	9.387238	9.269287	9.307503	9.579427	9.410502	9.387238	9.051838	9.068088	9.099723	9.417649	9.247693	9.090438
200001_at	10.809592	11.079172	10.541586	11.253492	10.958801	10.878240	10.727493	10.621792	10.459924	10.854640	10.625742	10.723918	10.714328	9.048562	9.895253	10.280887	10.385175	9.941387	9.997679
200002_at	12.280304	12.217836	12.468666	12.594127	12.533640	12.527384	12.575088	12.544280	12.463228	12.660623	12.549512	12.557201	12.582382	12.723707	12.857896	12.482641	12.119634	12.676530	12.650820
200003_s_at	12.992439	12.993454	12.899440	13.071541	13.021816	13.035252	13.224584	13.141343	12.988793	13.248095	13.096507	13.203789	13.216951	12.940752	12.830173	12.653149	12.597451	12.908058	12.868133
200004_at	11.643207	11.504757	11.582658	11.822684	11.768655	11.653334	11.586593	11.662863	11.545167	11.426730	11.644713	11.627152	11.556168	11.611798	11.829527	11.459683	11.391612	11.697441	11.664669
200005_at	10.295615	10.177082	10.309932	10.109631	10.132874	10.200962	10.374761	10.462617	10.284855	10.561248	10.268115	10.450302	10.426262	9.143530	9.321139	9.550456	9.273112	9.345893	9.339254
200006_at	11.828634	11.888662	11.809614	12.034061	11.930535	11.940671	11.862406	11.722928	11.712007	11.858837	11.915017	11.869454	11.841036	10.860793	11.934270	11.732576	11.722789	11.670193	11.719955
200007_at	11.910823	11.833549	12.043643	12.134948	12.167246	12.110481	12.089850	12.158800	11.804264	11.915907	12.132137	12.124004	12.067039	11.303999	11.506455	11.736758	11.673143	11.597484	11.649080
200008_s_at	9.219009	8.559626	9.325671	9.616366	9.309753	9.267608	9.501207	9.692870	8.348293	9.587508	9.482248	9.523053	9.573667	8.553283	7.279194	8.159489	8.410312	8.168364	8.168302
200009_at	11.048983	11.166950	11.163949	10.965383	10.955027	10.998395	11.142198	11.225011	10.754338	11.144931	11.172882	11.160041	11.111691	10.909480	9.666901	10.524427	10.682486	10.564017	10.411311
200010_at	12.500511	12.616334	12.676684	12.689803	12.676082	12.658232	12.754383	12.740864	12.358126	12.766385	12.700185	12.782341	12.729280	11.693956	12.104292	12.016235	11.908724	12.038685	12.110353
200011_s_at	9.425947	9.666570	9.311823	9.729158	9.541166	9.525946	9.476035	9.482766	9.198399	9.406201	9.350734	9.404026	9.342398	9.624693	9.603795	9.581333	9.879209	9.755344	9.675246
200012_x_at	12.921207	12.866577	13.250699	12.984237	13.068780	13.038968	12.961955	13.031389	12.736603	12.943326	12.987742	12.933248	12.952460	12.315481	12.783433	12.472353	12.333379	12.517471	12.571263
200013_at	12.531356	12.370761	12.648249	12.621769	12.655768	12.636432	12.713557	12.690001	12.493121	12.806998	12.612360	12.739671	12.736243	12.564161	12.530837	12.331919	11.816923	12.457400	12.553945
200014_s_at	10.198912	9.829262	10.184201	9.954679	10.203389	10.119515	10.249422	10.289675	10.016067	9.999491	10.298972	10.273544	10.245984	10.802107	11.072030	10.265931	10.452291	10.584029	10.714730
200015_s_at	11.093489	10.862415	11.327274	10.942309	11.125180	11.075119	11.118232	11.149971	10.971576	11.114624	11.077066	11.186108	11.099539	9.679492	9.755237	11.185072	11.438656	10.758604	10.843398
200016_x_at	12.699969	12.625893	12.825593	12.748927	12.785546	12.765817	12.793555	12.952970	12.666425	12.801107	12.785456	12.847207	12.842703	12.817311	12.852219	12.057915	12.104704	12.743692	12.775514
200017_at	12.958292	12.904792	13.273107	13.229575	13.207666	13.181523	13.228067	13.276087	13.100595	13.322730	13.215633	13.285504	13.250954	12.832714	12.971154	12.567567	12.280285	12.756591	12.814265
200018_at	12.921598	12.811434	13.116869	13.008612	13.020037	13.010851	13.164288	13.193606	13.010851	13.175502	13.109425	13.188036	13.117298	12.864000	12.743709	12.939224	12.731523	12.820980	12.866386
200019_s_at	11.914378	11.686745	12.106146	12.025701	11.955385	11.953811	11.998961	11.954734	11.732254	12.110617	11.987079	12.014152	12.036613	11.819830	11.846445	11.815645	11.836867	11.877368	11.828000
200020_at	9.066480	9.080683	8.980759	9.342404	9.116625	9.074141	8.960324	8.962232	8.819228	8.957885	9.007414	9.012711	9.012799	9.574563	9.989538	9.006688	8.755788	9.430701	9.466052
200021_at	12.668093	12.849359	12.613585	12.750509	12.603054	12.671929	12.628250	12.617092	12.754383	12.692986	12.658439	12.651313	12.639048	12.643626	12.922054	12.835174	13.415404	13.022132	13.019383
200022_at	12.804119	12.878218	12.864518	12.982904	12.907303	12.888684	13.118342	13.020468	12.829545	13.067949	13.014432	13.041328	13.088228	12.737326	12.714207	12.211623	12.198407	12.530379	12.589349
200023_s_at	10.956072	10.632716	11.218249	10.825625	10.914046	10.886817	11.000185	11.070102	10.477369	11.300336	11.004938	11.102461	11.167059	11.053787	10.707186	9.795240	9.861597	10.394925	10.490140
200024_at	12.588788	12.555054	12.677960	12.698853	12.644324	12.690237	12.840442	12.790323	12.507778	13.080699	12.844725	12.860071	12.827873	12.529624	12.310674	11.933575	12.338134	12.363968	12.354100
200025_s_at	12.878559	12.851120	13.108982	13.013962	13.009622	13.036116	13.056434	13.135086	13.104017	13.093933	12.972809	13.091379	13.084211	12.822209	12.712990	12.894605	12.943487	12.880405	12.929247
200026_at	13.231831	13.158589	13.392497	13.312869	13.256058	13.264943	13.281161	13.251478	13.203875	13.272922	13.260123	13.298088	13.278642	13.229833	12.982378	13.029651	12.929377	13.059295	13.116211
200027_at	10.706615	10.705502	10.922573	11.263886	11.021509	11.035050	10.874582	10.956323	10.868241	10.845423	10.872394	10.909722	10.921586	10.652378	11.175389	11.067563	11.662846	11.219896	11.194089
200028_s_at	10.034388	10.159070	9.827244	10.122189	10.020027	9.946916	9.701211	9.784285	9.516511	9.975493	9.872886	9.779284	9.810777	10.200456	10.215910	9.668367	9.530571	9.925986	9.943439
200029_at	12.564161	12.542354	12.708609	12.686642	12.601851	12.592717	12.739619	12.739619	12.597598	12.954310	12.660013	12.742987	12.793704	12.658290	12.746442	12.669939	12.526656	12.700126	12.656318
200030_s_at	11.653651	11.356129	11.737941	11.615145	11.587376	11.540412	11.469383	11.578844	11.149861	11.655581	11.710383	11.620628	11.563145	10.971956	11.377509	11.148450	10.997337	11.111609	11.130039
200031_s_at	13.428935	13.392177	13.453995	13.419575	13.453869	13.439951	13.474767	13.463555	13.310420	13.609453	13.533057	13.514157	13.558938	13.331816	13.118602	13.138985	13.241068	13.254709	13.200308
200032_s_at	13.323408	13.288795	13.403385	13.367818	13.360785	13.400524	13.372530	13.394480	13.349458	13.325900	13.423462	13.403285	13.342872	12.841705	13.106555	12.730144	12.307985	12.814431	12.825133
200033_at	12.154487	11.855445	12.154487	12.731550	12.386411	12.411648	12.342852	12.178875	11.998165	12.235908	12.305459	12.319187	12.294706	11.456530	11.385199	11.777019	11.318029	11.631244	11.531338
200034_s_at	12.648760	12.419297	12.704647	12.745673	12.712010	12.698270	12.773677	12.771767	12.737127	12.842988	12.785847	12.899430	12.848725	12.423380	12.713614	12.125607	11.585061	12.378153	12.398563
200035_at	8.249717	8.320967	8.158842	8.083918	8.184472	7.875156	7.866506	8.121450	8.275190	7.999032	8.017060	8.067436	8.013203	8.129633	7.878437	8.312939	8.713024	8.281685	8.092442
200036_s_at	12.731496	12.423400	12.812011	12.794029	12.766378	12.792931	12.868107	12.856546	12.346190	12.951397	12.813065	12.858869	12.876548	11.900273	11.862071	11.435641	11.421291	11.750022	11.674796
200037_s_at	9.932866	9.883903	10.467973	10.240721	10.405211	10.271097	10.515316	10.770713	10.404954	10.701263	10.619679	10.710824	10.592518	11.409512	11.038866	9.887293	8.654284	10.732809	10.834210
200038_s_at	12.951632	12.821920	13.019697	12.977088	13.004831	12.989167	13.111006	13.086011	12.908353	13.078905	13.136938	13.092914	13.098531	12.815127	12.843171	12.342937	12.826414	12.749100	12.792229
200039_s_at	9.781222	9.832302	9.817466	10.147805	9.872260	9.882176	9.645206	9.552636	9.491233	9.719604	9.753277	9.674714	9.576682	10.282229	10.721156	10.446165	10.927652	10.578826	10.477882
200040_at	10.331530	10.099136	10.361117	10.119213	10.297219	10.289936	10.120897	10.281130	9.966992	10.030484	10.340364	10.216019	10.168048	10.807233	10.604320	9.416318	9.210856	10.256551	10.415235
200041_s_at	10.392389	10.595219	10.199050	10.065580	10.317456	10.195542	10.378064	10.301817	10.258906	10.344817	10.326876	10.363220	10.496851	11.186303	11.006072	9.852394	9.185526	10.710113	10.603337
200042_at	9.419644	9.566119	9.335173	9.860318	9.686462	9.624424	9.540783	9.479680	9.109589	9.469162	9.606840	9.508537	9.423580	7.882094	8.667389	8.845948	8.620340	8.534561	8.390072
200043_at	11.049655	10.794605	11.174640	11.312329	11.132252	11.197380	11.211695	11.054070	11.004967	11.217663	11.302906	11.208895	11.238579	11.424533	11.651235	10.973880	10.944501	11.467222	11.378184
200044_at	9.703524	9.523551	9.420001	9.915984	9.762691	9.747144	9.642082	9.543706	9.257527	9.774191	9.738438	9.667622	9.642063	9.983039	9.537854	10.401372	10.672972	10.220642	10.247777
200045_at	8.359107	8.378712	8.417972	8.587307	8.353448	8.386843	8.036669	8.252389	8.276373	8.269831	8.190357	8.232975	8.182753	8.651126	8.228903	7.663646	7.887072	8.153136	8.248663
200046_at	9.707072	9.650119	9.736278	10.155373	9.842732	9.854781	10.115383	9.567144	9.016177	9.860437	10.032857	9.874732	9.855173	9.895714	9.871481	9.813339	10.524674	10.077940	9.978569
200047_s_at	10.081251	10.026378	10.364493	10.386242	10.347476	10.372419	10.595538	10.406362	10.216818	10.229961	10.400988	10.417007	10.350277	10.810066	11.334196	10.494020	10.088721	10.830147	10.972871
200048_s_at	10.854504	11.017349	10.815131	11.625936	11.339830	11.351847	11.192781	11.208306	10.896601	11.252545	11.144711	11.185888	11.194814	11.324658	10.943191	11.273039	11.852199	11.348869	11.399387
200049_at	8.018573	7.660641	8.314778	8.108029	7.993375	7.993795	7.814419	8.005560	7.688557	7.957963	7.802984	7.827942	7.927962	8.317194	8.374288	7.873424	7.830065	8.030988	8.171358
200050_at	9.159058	8.971747	9.217395	9.379282	9.363837	9.273613	9.557971	9.684576	9.242150	9.754051	9.650395	9.694120	9.640793	9.872034	10.365985	9.263349	8.939931	9.744933	9.880400
200051_at	7.157982	6.770909	7.119225	6.791554	6.912051	6.760434	6.734736	6.696036	6.782246	7.024668	6.639627	6.722253	6.894152	7.702637	7.500737	6.836243	7.006501	7.364030	7.275272
200052_s_at	8.940400	8.623447	8.841415	9.749221	9.341024	9.327745	9.307036	9.235172	8.637990	9.417722	9.579676	9.435603	9.343160	10.493095	10.371004	8.874597	8.140898	9.797973	9.898427
200053_at	9.243315	9.400551	9.248280	9.120277	9.202290	9.108399	9.246642	9.052672	9.076996	9.305237	9.382671	9.186136	9.157826	8.231098	8.621874	8.523730	8.677878	8.402465	8.541565
200054_at	6.107088	6.245399	6.163509	6.557582	6.263070	6.163509	6.170818	6.214614	5.936755	6.129406	6.163509	6.218995	6.163509	6.005157	5.646246	6.488795	6.163509	6.078161	6.034083
200055_at	9.256135	9.503659	9.092616	9.576096	9.431230	9.447314	9.329982	9.160291	9.562113	9.666358	9.452398	9.418799	9.398998	9.299700	9.745524	10.219100	10.690246	10.012497	9.976005
200056_s_at	8.570501	8.424050	8.633923	8.924781	8.773922	8.865021	8.738292	8.681169	7.987857	8.302712	8.566600	8.707200	8.563142	8.488924	8.608522	8.150677	7.962688	8.463047	8.573351
200057_s_at	11.546472	11.467042	11.498470	11.509218	11.497242	11.463662	11.476610	11.758622	11.594450	11.814747	11.720656	11.669277	11.724667	12.012298	12.214063	11.075624	11.010312	11.887546	11.872722
200058_s_at	9.818767	9.825066	9.855680	9.854899	9.824068	9.818734	9.615780	9.722802	9.588124	9.728649	9.866841	9.825066	9.758116	10.505047	10.234069	9.244733	9.065612	9.941598	9.884984
200059_s_at	11.608383	11.118502	11.854440	11.788539	11.708356	11.699294	11.555224	11.837763	10.777598	11.604547	11.693967	11.730612	11.771987	11.357120	11.201354	10.550789	10.991027	11.177354	11.184562
200060_s_at	10.218485	10.501239	10.003868	10.128283	10.091493	10.111584	10.033568	9.964181	10.069857	10.223325	10.135439	10.053935	10.031148	11.185111	11.203170	9.891440	9.519635	10.792603	10.779560
200061_s_at	13.563304	13.527945	13.645615	13.531612	13.604693	13.590736	13.676867	13.574121	13.572863	13.699024	13.597924	13.658633	13.609638	13.136486	13.511176	13.397851	13.561703	13.458517	13.487377
200062_s_at	13.133562	13.032489	13.379728	13.267736	13.189425	13.235713	13.219915	13.218503	13.041909	13.308512	13.240881	13.216503	13.231827	13.126042	13.329643	13.225877	13.039680	13.231151	13.213977
200063_s_at	12.335172	11.807547	12.674968	12.228983	12.337855	12.367078	12.451585	12.585322	12.391156	12.479799	12.396115	12.538039	12.555660	12.232826	12.341815	12.052140	11.945506	12.169826	12.125461
200064_at	12.049922	11.985196	11.790931	12.431060	12.172741	12.095276	11.970241	11.795733	11.606165	11.973535	12.023795	11.973535	11.973535	12.630421	11.368014	11.745219	11.685190	12.050698	12.037922
200065_s_at	11.268269	11.276668	10.957163	11.709731	11.406597	11.385156	11.491917	11.277453	11.206804	11.584134	11.662442	11.476003	11.446854	9.989047	11.130063	11.198966	11.520279	11.035021	11.029403
200066_at	9.190621	8.972425	9.385535	8.946387	8.999003	9.015066	8.746089	8.920397	8.208118	8.783156	8.730090	8.903587	8.866648	8.215072	8.766289	8.541435	8.616283	8.572461	8.433358
200067_x_at	10.126492	9.554796	10.373216	10.022006	10.098480	10.078444	10.034092	10.503256	9.425191	10.092692	10.090561	10.041233	10.106511	9.682130	9.693040	10.537618	10.506448	10.237178	10.196830
200068_s_at	11.764318	11.666739	11.532020	12.165407	11.927718	11.832892	12.009253	11.821019	11.850831	12.067560	12.213036	11.989079	12.076591	11.289136	11.879239	12.435864	12.809167	12.195065	12.173474
200069_at	7.716032	7.787601	8.090987	8.453334	8.217818	8.178982	8.062318	8.178982	7.973740	7.897009	8.118543	8.111811	8.128503	8.624227	8.731873	8.206190	8.963832	8.714446	8.630622
200070_at	8.271303	8.758946	8.117419	8.293159	8.390349	8.274930	8.205575	8.052955	7.930175	8.060770	8.245639	8.186418	8.022098	6.419153	7.135082	8.909325	8.778730	8.241287	8.112669
200071_at	8.789819	8.340028	9.419198	9.232363	9.167018	9.118821	9.106021	9.100896	8.430700	8.741957	9.088598	9.067334	9.111839	8.927160	8.910296	8.709502	8.287074	8.619514	8.799543
200072_s_at	10.478918	10.409225	10.231918	10.568089	10.378929	10.422846	10.152852	10.294999	9.509168	10.347973	10.384129	10.275520	10.320479	10.653322	10.631396	8.931646	8.777305	10.049610	10.171923
200073_s_at	10.650316	10.292058	10.847260	10.805206	10.664557	10.668157	10.366684	10.553926	10.200390	10.469400	10.453952	10.511655	10.477263	10.475922	11.325011	9.648454	9.065719	10.364299	10.426471
200074_s_at	11.912121	11.862256	12.063170	12.023804	11.963788	12.023734	12.195624	12.255281	11.970254	12.234305	12.090312	12.272518	12.207592	12.044320	11.882907	11.709996	11.451626	11.836734	11.812735
200075_s_at	9.307574	9.133308	9.015682	9.497609	9.179482	9.246446	9.011388	9.149117	8.504811	8.934686	9.146691	8.909864	8.976376	8.022905	9.289658	9.230708	9.687433	9.280798	9.149117
200076_s_at	8.059590	7.917771	7.697610	8.207663	7.933690	7.989560	7.740197	7.836234	7.521829	8.019295	7.768081	7.833264	7.821228	8.304990	7.813671	8.344501	8.234660	8.221399	8.172453
200077_s_at	12.327828	12.209164	12.416959	12.665571	12.498886	12.499393	12.503307	12.357339	12.116910	12.428704	12.449791	12.408152	12.414019	12.642309	12.944865	12.764567	12.619237	12.834782	12.798942
200078_s_at	9.611257	10.056104	8.920984	10.246325	9.792416	9.800225	9.904699	9.320093	9.334052	9.451116	9.861179	9.537319	9.595613	9.307875	9.622436	10.559991	10.477972	9.969738	10.052987
200079_s_at	9.875217	9.701035	9.709367	9.745209	9.744878	9.709367	9.740269	9.850121	9.400831	9.871716	9.818426	9.759139	9.771686	9.051298	9.518561	9.697893	9.075262	9.454563	9.438613
200080_s_at	11.777743	11.810828	12.189231	12.309113	12.223709	12.210071	12.329331	12.385775	12.306394	12.195899	12.328815	12.368246	12.343743	12.027753	12.812328	12.008984	11.562116	12.292631	12.318162
200081_s_at	12.743241	12.545322	12.736192	12.983333	12.805441	12.777586	12.997060	12.837875	12.547042	13.007176	12.938546	12.893243	12.928182	12.354909	12.419161	11.874722	11.623278	12.217209	12.275074
200082_s_at	12.189240	11.987857	12.303188	12.364935	12.259167	12.256613	12.505095	12.537092	12.193327	12.654966	12.630196	12.576461	12.616882	11.772449	12.491507	11.906447	11.295654	12.087979	12.039945
200083_at	9.359356	9.225423	9.078121	9.524192	9.351849	9.256868	8.939709	9.650569	9.592272	9.405102	9.531571	9.579597	9.476500	9.122068	10.413418	9.469976	9.469976	9.934561	9.860301
200084_at	10.287455	9.867429	10.661726	10.487105	10.378678	10.403052	10.365129	10.362525	10.155606	10.328859	10.368627	10.449280	10.385884	10.595601	10.007203	9.970083	10.200494	10.291723	10.299236
200085_s_at	10.697859	10.671802	10.683266	10.541150	10.603732	10.642237	10.950989	10.660662	10.218807	10.757062	10.770154	10.783323	10.786502	11.446444	11.644104	11.048650	10.808836	11.313653	11.313633
200086_s_at	11.683636	11.674346	11.824252	11.802630	11.758866	11.788594	11.499246	11.195015	11.356325	11.532398	11.423143	11.448456	11.398180	10.733556	11.115413	11.480711	11.025892	11.159665	11.197833
200087_s_at	11.334538	11.236657	11.138670	11.681627	11.440530	11.427570	11.655628	11.435889	11.322457	11.298911	11.629907	11.489649	11.495332	10.474211	10.697369	11.010857	10.883175	10.794507	10.712940
200088_x_at	13.219374	13.356637	13.308148	13.214709	13.245991	13.251460	13.486082	13.490648	13.436462	13.500974	13.261220	13.421536	13.492538	13.010736	13.108822	12.732996	12.628183	12.935436	13.003815
200089_s_at	11.826795	11.612147	11.988174	11.702965	11.809258	11.839150	11.950023	12.006844	11.897222	11.806234	11.835474	11.992531	11.951188	11.664404	11.367975	11.423534	11.226247	11.404793	11.572152
200090_at	10.869357	10.668471	10.831103	10.489901	10.723034	10.779953	10.654507	10.702680	10.591126	10.872992	10.893054	10.751897	10.759675	10.663339	9.864359	11.037832	10.318319	10.427432	10.475755
200091_s_at	12.068835	11.971820	12.463961	12.338423	12.298902	12.320795	12.475668	12.371148	12.142787	12.400979	12.332421	12.541010	12.462838	11.483012	11.660197	12.025388	11.601871	11.738497	11.795508
200092_s_at	13.196021	13.117947	13.397361	13.348631	13.341330	13.350423	13.439268	13.446109	13.335412	13.477375	13.357650	13.435343	13.417276	13.130565	13.474843	13.277750	13.453152	13.372418	13.407573
200093_s_at	11.057852	10.938189	10.958131	11.548815	11.333701	11.344296	11.317879	11.165736	10.647960	11.569174	11.257081	11.337169	11.312551	10.637214	10.824211	11.114706	11.804737	11.241036	11.315746
200094_s_at	12.196856	11.935831	11.951925	11.985522	12.035230	12.047975	12.339664	12.451891	12.345216	12.268650	12.377446	12.455918	12.345269	11.815158	11.759601	12.040799	11.726587	11.921992	11.797581
200095_x_at	13.238702	13.224415	13.225100	13.114063	13.226236	13.231179	13.243302	13.168566	13.249352	13.296048	13.283752	13.216614	13.235590	13.114063	13.160643	13.057648	12.871233	13.172309	13.159245
200096_s_at	11.010805	10.723083	10.962785	11.470451	11.181478	11.187107	10.924267	11.098495	10.124978	10.919221	10.899455	11.011223	11.029546	9.901433	9.657914	11.835504	12.151445	11.418067	11.502161
200097_s_at	10.616518	10.475969	10.713802	11.073323	10.933753	10.874087	10.888127	10.931919	10.661895	10.762076	10.901316	10.912838	10.773664	10.336585	10.885064	10.389610	10.628390	10.471807	10.540790
200098_s_at	9.563283	9.636320	9.528724	9.732669	9.635087	9.642096	9.933446	9.783009	9.907931	10.034430	9.939145	9.939320	9.959096	10.169944	9.410381	10.387440	9.620781	10.064046	10.018992
200099_s_at	13.366288	13.231797	13.581274	13.436289	13.408543	13.423157	13.496962	13.485239	13.252620	13.496302	13.471736	13.540629	13.423344	12.957536	13.263675	12.474048	12.417500	12.858892	12.971024
200593_s_at	9.795855	9.379833	9.648366	9.795682	9.693672	9.671026	9.676506	9.674647	9.215187	9.851199	9.711762	9.722590	9.676506	9.763791	10.230506	9.350023	9.050216	9.676506	9.660613
200594_x_at	11.374128	11.212638	11.305074	11.210138	11.204332	11.283276	11.301981	11.365243	11.121360	11.300568	11.366175	11.326424	11.305589	11.483130	11.607200	10.989248	10.538416	11.336026	11.322832
200595_s_at	10.066100	9.599481	10.146006	10.229823	10.217547	10.207345	10.486313	10.641559	10.180964	10.034953	10.225497	10.493988	10.338345	8.731367	9.359302	9.639951	9.431379	9.221524	9.441667
200596_s_at	9.511953	9.350428	9.480572	9.214784	9.217264	9.217264	9.380169	9.372866	9.230234	9.216889	9.082464	9.391924	9.367486	8.227398	8.800410	9.189044	9.078786	8.767191	8.817480
200597_at	8.302555	7.959431	7.948631	8.266452	8.127056	8.140600	8.070672	8.113353	7.770098	8.028551	8.086939	8.103724	8.243117	6.089716	6.988535	7.297332	7.041774	6.876230	6.938249
200598_s_at	9.245689	9.028003	9.589609	10.745547	10.084381	10.062576	10.062576	9.605166	8.901638	10.121040	10.396334	10.062246	10.068847	9.176143	8.827238	11.906609	11.699214	10.806487	10.797247
200599_s_at	11.385592	11.311543	11.293657	12.108630	11.831340	11.793305	12.007469	11.569149	11.586333	11.886241	12.217396	11.986468	11.944319	11.533809	11.376441	13.079915	13.034405	12.732128	12.684097
200600_at	10.030697	8.879834	10.476937	9.498180	9.632433	9.757445	9.389939	10.343777	9.108285	9.320537	9.595268	9.790473	9.805095	8.562583	6.198890	9.973855	10.209738	9.331345	9.324693
200601_at	9.150320	9.704214	9.352697	8.942862	9.120716	9.139811	8.357146	8.817506	9.193154	8.526473	8.723471	8.698286	8.594841	9.277325	9.228341	8.976540	8.624386	9.010183	8.940856
200602_at	9.089448	8.722009	9.490719	9.825367	9.707848	9.619800	9.880882	10.234100	9.981714	9.750796	10.219852	10.291564	10.074150	9.234266	9.286026	9.098674	8.679111	9.170800	9.363063
200603_at	10.837011	10.572290	11.137110	11.515001	11.228918	11.323761	11.171115	11.276061	10.520518	10.765384	10.998690	11.176351	10.979643	10.376896	10.960235	10.469811	10.444861	10.614571	10.724920
200604_s_at	8.739829	7.677655	8.197586	9.774707	8.977294	8.973440	8.262567	8.343198	6.185278	8.246436	8.225302	8.205632	8.279257	8.260187	7.756025	7.072207	7.280368	7.844534	7.598208
200605_s_at	10.553224	9.966130	10.692849	11.320595	10.920448	10.865938	10.425915	10.627864	9.322140	10.211004	10.432512	10.472377	10.443857	9.789771	10.071137	9.469828	9.790275	9.771194	9.906473
200606_at	10.488588	10.819470	10.201172	10.960004	10.802054	10.709348	10.930576	10.755444	10.820777	10.994916	10.987017	10.995042	11.044007	11.696152	11.552974	10.875602	10.725696	11.433791	11.367564
200607_s_at	8.583302	8.236104	8.688533	8.633322	8.459399	8.340731	8.484853	8.405208	7.270111	8.358590	8.302256	8.328962	8.328654	9.517596	9.999132	8.750035	8.038042	9.236519	9.320756
200608_s_at	9.324295	8.959516	9.775195	9.582098	9.597843	9.568697	9.710697	9.690268	9.173294	9.346995	9.512947	9.598567	9.547838	10.440439	11.315575	9.917958	8.868324	10.410899	10.765108
200609_s_at	10.465223	10.039667	10.476014	10.218875	10.317404	10.305829	9.875128	10.639321	9.964933	10.221722	10.298642	10.281956	10.221722	8.812899	10.655162	10.113923	9.454593	9.988230	10.003810
200610_s_at	10.799510	10.615310	10.869072	10.873432	10.876373	10.763043	10.869531	10.953849	10.520677	10.819678	10.800252	10.926668	10.887915	9.473796	10.117876	10.231841	10.216972	10.200196	10.091598
200611_s_at	9.818960	9.350528	9.664770	9.887751	9.685357	9.718187	9.230226	9.874676	9.278342	9.558836	9.630261	9.627986	9.777659	8.584834	10.101152	9.472483	8.872667	9.436848	9.408529
200612_s_at	8.028814	8.313390	7.800460	8.085465	8.085465	8.064775	7.987610	7.772450	7.945975	8.187994	8.082240	7.943348	8.052678	7.802827	8.577056	8.379145	8.417141	8.479906	8.410961
200613_at	10.021870	10.030979	9.948449	10.183191	10.017896	9.988645	9.703950	9.791181	9.214061	9.846315	9.792249	9.850824	9.803370	9.819247	10.093216	9.913851	9.752941	9.950163	9.906360
200614_at	11.678371	11.633954	11.361220	11.863342	11.727804	11.702358	11.707198	11.610280	11.426456	11.638056	11.786393	11.688647	11.683852	11.129912	10.843412	11.633954	11.877509	11.476840	11.483137
200615_s_at	7.128354	6.817061	7.296490	7.876254	7.412775	7.424367	7.033144	7.465731	6.611377	7.185477	7.096518	7.293715	7.196513	6.719177	8.128301	8.053930	8.843198	8.054197	7.990924
200616_s_at	9.406021	9.694793	9.004833	9.615538	9.141105	9.233304	9.318260	8.905011	9.357609	9.259312	9.370761	9.146896	9.144223	9.943507	8.783552	11.151411	11.637110	10.606577	10.504982
200617_at	9.263579	9.140510	8.674801	9.841846	9.387011	9.376448	9.246194	9.373157	9.366336	9.483348	9.540555	9.503768	9.451024	10.015571	8.544910	10.362312	10.872266	10.118372	10.187363
200618_at	8.682132	8.473394	8.767987	8.857677	8.760047	8.626117	8.637797	8.945136	8.380793	8.442812	8.692959	8.736185	8.742715	9.265251	9.676599	9.396794	9.861856	9.651535	9.562745
200619_at	9.036589	8.979039	8.906418	8.802069	8.879916	8.843065	8.770387	8.772197	8.641581	8.861664	8.790617	8.733232	8.719793	9.728334	9.172924	8.805742	9.163997	9.274565	9.178353
200620_at	11.454535	11.114731	11.161537	11.825757	11.534392	11.485110	11.761707	11.324032	10.516093	11.226710	11.583038	11.469058	11.516648	10.283543	10.081362	10.718204	10.790334	10.631003	10.621857
200621_at	12.340076	11.708180	12.490463	11.842091	12.155316	12.187711	11.089191	12.323987	11.732034	11.765324	11.683049	11.839600	11.900370	9.816869	8.919444	7.281122	6.070479	8.774614	8.699444
200622_x_at	7.440814	7.581919	7.646495	7.922036	7.704148	7.820804	7.668085	7.806837	7.116839	7.614986	7.820804	7.663812	7.762350	8.054826	7.977911	8.665101	9.702002	8.531954	8.665009
200623_s_at	7.646265	7.421637	7.603298	7.087808	7.311510	7.282583	7.247577	7.335311	6.915254	7.205385	7.210352	7.239978	7.239978	7.586987	7.129178	6.981954	6.569598	7.004458	7.078605
200624_s_at	9.917997	9.549544	10.178900	10.337364	10.214838	10.133691	10.199299	10.218516	9.511283	10.166864	10.210933	10.270465	10.194599	10.231464	10.029855	9.658881	9.756118	10.077325	10.183578
200625_s_at	10.010462	9.896075	10.347342	9.939605	10.077457	10.016895	9.897457	10.163623	9.867533	9.741512	9.965414	10.004569	9.861202	9.378950	9.733415	10.082230	9.689370	9.663075	9.731128
200626_s_at	10.272000	9.898010	10.428856	10.515938	10.519549	10.428856	10.543922	10.623910	9.988640	10.472110	10.564424	10.662534	10.379728	10.538882	10.442711	9.819936	9.745150	10.321873	10.375096
200627_at	11.547407	11.429418	11.667345	11.631156	11.639423	11.592353	11.563862	11.520829	11.004415	11.492157	11.630854	11.557104	11.393637	12.195688	11.898150	12.001449	12.279983	12.080704	12.169119
200628_s_at	7.102546	6.519295	6.811799	7.544499	7.241001	7.159000	7.143511	7.134494	6.782401	7.051495	7.389804	7.176618	7.320474	8.063669	8.258411	7.193560	7.067320	7.735823	7.689517
200629_at	8.478890	8.695526	8.663966	8.559466	8.647898	8.619163	8.559731	8.436022	8.854882	8.431347	8.715641	8.492005	8.486611	9.503839	10.139958	8.518776	8.920558	9.442151	9.447605
200630_x_at	10.783445	11.277057	11.182603	10.668875	10.906257	10.735181	10.328593	10.373443	10.871448	10.194376	10.264816	10.454896	10.434782	11.202561	11.450292	10.851787	10.801578	10.944215	10.808805
200631_s_at	10.842615	10.576142	10.953670	10.822450	10.812718	10.800448	10.575749	10.825146	10.587241	10.822323	10.794442	10.815700	10.756275	11.348382	11.728094	10.545907	10.556045	11.274853	11.348741
200632_s_at	12.219728	12.427700	11.298104	12.358917	12.192715	12.141851	11.235516	12.114671	12.387796	12.388808	12.282801	12.155353	12.177536	12.375172	12.813565	11.619841	10.655434	12.202094	12.177536
200633_at	13.336562	13.299202	13.294710	13.397560	13.301582	13.316067	13.123373	13.120570	12.958496	13.174390	13.328580	13.111905	13.153156	13.411923	13.165825	13.221406	13.275185	13.313831	13.292532
200634_at	10.347866	9.967562	10.501493	10.190967	10.242900	10.253569	10.281030	10.583089	10.013727	10.252570	10.364374	10.353116	10.407344	9.422104	10.072800	10.101637	10.054795	9.928437	9.922538
200635_s_at	9.200427	9.706286	8.437912	9.366279	9.164397	9.165870	8.786980	8.549556	8.672907	9.260596	8.863899	8.725444	8.954902	8.829576	8.842524	9.448561	9.468181	9.042528	9.080362
200636_s_at	10.524595	10.992854	9.684677	10.966982	10.746928	10.661615	10.360372	10.267818	10.445017	10.621480	10.568938	10.525103	10.397988	10.301853	10.390270	10.840601	10.967275	10.671746	10.660221
200637_s_at	8.149713	8.353590	6.578137	8.970503	8.205767	8.173118	7.893587	7.603521	7.179865	8.229427	8.015822	7.895040	8.015822	7.806022	7.821574	8.027363	8.553726	7.970229	7.917623
200638_s_at	10.374881	9.996205	10.866468	11.313327	11.024124	10.908477	10.908477	11.116926	9.719282	10.807076	10.887552	10.941333	10.972429	10.922786	11.384434	10.913188	10.160129	10.905413	10.961532
200639_s_at	10.942426	10.935558	11.011454	11.197742	11.067065	11.060983	10.868401	11.062729	10.870116	10.782786	10.893674	10.967041	10.855407	10.895102	11.860574	11.697156	11.527870	11.594755	11.627710
200640_at	10.672224	10.466100	10.692763	11.155363	10.921057	10.818183	10.750402	10.829303	10.358260	10.816399	10.705820	10.736899	10.801896	10.866908	11.773749	11.476429	10.973249	11.465886	11.469953
200641_s_at	9.735417	9.041155	9.795182	10.577634	9.970680	9.992868	9.736381	10.035696	8.323714	9.963098	9.821025	9.839649	9.907806	9.552494	10.192506	9.611635	9.083076	9.765151	9.587668
200642_at	11.551066	11.405124	11.725548	11.760929	11.642018	11.600484	11.616207	11.546966	11.067363	11.691972	11.537556	11.615008	11.652659	10.869948	10.989216	11.619077	11.431062	11.323967	11.420169
200643_at	9.505816	9.674688	9.079940	9.602440	9.533938	9.497562	9.526872	9.359908	9.439491	9.675624	9.505816	9.505816	9.497527	7.475342	7.755519	10.160551	10.409122	9.529751	9.412494
200644_at	9.566574	9.752788	9.557126	9.981420	9.690963	9.625232	10.801491	10.915741	11.255312	11.513884	11.284826	11.128867	10.969581	11.179609	11.616723	10.200316	9.784689	10.930744	11.052317
200645_at	11.481105	11.779097	11.392371	11.373096	11.485273	11.450118	11.380131	11.580358	11.450188	11.327870	11.381546	11.395087	11.357459	10.576885	10.675824	11.835649	11.747542	11.371359	11.335414
200646_s_at	7.342250	7.519237	7.005673	7.913563	7.522289	7.342250	7.557366	7.238353	6.967433	7.737857	7.811399	7.648452	7.667111	6.267235	6.601199	6.961950	6.922248	6.429933	6.531241
200647_x_at	11.208174	11.226318	11.227420	10.867243	11.054966	11.081370	10.955446	11.175791	11.083659	10.861618	11.093510	11.018187	11.095544	11.245320	10.276541	9.901595	10.471886	10.538912	10.542476
200648_s_at	8.408972	7.690160	8.511248	8.648766	8.451150	8.473075	8.674092	8.505852	7.400037	8.714381	8.399638	8.618145	8.681727	9.334937	8.076772	8.924657	8.162899	8.837314	8.805510
200649_at	8.945121	9.141283	8.485664	8.675484	8.726788	8.675602	8.939734	8.515884	9.075695	9.006404	9.225270	8.847533	8.913700	8.189594	7.908827	9.078498	8.924207	8.537524	8.524140
200650_s_at	11.218589	10.640054	11.308646	11.861462	11.461727	11.413683	11.276036	11.901524	11.589595	11.640915	11.550519	11.667724	11.697185	12.825030	12.972093	12.295042	11.356731	12.815389	12.777461
200651_at	12.421846	12.226557	12.480571	12.464296	12.406188	12.453662	12.694460	12.649840	12.453662	13.053114	12.645802	12.737135	12.850214	11.980215	12.199478	12.116697	12.320811	12.196908	12.151393
200652_at	9.927989	9.651680	9.932114	9.925765	9.825389	9.866714	10.427002	10.199917	10.083524	10.518541	10.606175	10.402106	10.449043	10.270953	9.837544	10.262473	10.346595	10.269722	10.272537
200653_s_at	11.471779	11.215942	11.629479	10.965132	11.293666	11.296799	11.183672	11.102320	10.892596	10.728578	11.101244	11.181941	10.938085	12.061619	11.046691	11.140434	10.002962	11.241724	11.352599
200654_at	11.229466	11.472534	10.721438	11.472534	11.231192	11.198084	11.711125	11.339220	11.448417	11.599748	11.696535	11.623879	11.662975	10.001347	10.592950	12.002503	12.245232	11.709359	11.627713
200655_s_at	11.381030	11.263052	11.692573	11.143524	11.351357	11.425689	11.266811	11.264684	11.021254	10.960861	11.219645	11.252825	11.142143	11.675197	11.355558	11.170321	10.290158	11.311171	11.376296
200656_s_at	10.495441	10.609867	9.699248	10.956936	10.580153	10.564670	11.090035	10.822146	10.646280	10.866954	11.259778	11.090320	11.033230	9.205745	9.802262	11.441665	11.637984	11.016116	10.951157
200657_at	10.252351	9.950558	10.485316	10.632228	10.409911	10.405744	10.151895	10.417191	10.036421	10.545356	10.638229	10.542220	10.500032	10.766578	11.541269	9.625024	9.348889	10.724015	10.784296
200658_s_at	8.642472	8.513797	8.469346	8.814471	8.573427	8.602284	8.573135	8.500130	7.472370	8.590513	8.602229	8.557305	8.514061	8.808731	9.508350	8.368168	8.308229	8.814168	8.766465
200659_s_at	8.303415	8.300798	8.156263	8.266451	8.259000	8.254937	8.161584	7.943910	7.700877	8.342658	8.284963	8.054035	8.083024	7.441753	8.209179	7.555835	7.358436	7.503705	7.491726
200660_at	9.964116	9.991540	9.889120	10.579567	10.270838	10.172504	9.571713	10.201361	10.016814	10.121212	10.168525	10.092318	9.975805	8.269973	8.067331	10.874107	10.011945	9.837876	9.743340
200661_at	8.398095	8.024869	8.120899	7.710602	8.043334	8.062152	8.329531	8.533783	8.155507	8.139315	8.430071	8.326981	8.298977	8.800477	8.170568	10.073861	10.184541	9.318787	9.366485
200662_s_at	10.879733	10.650236	10.984002	10.967168	10.973729	10.965884	11.112526	11.442039	10.981162	11.151501	11.150317	11.263389	11.254482	9.658075	10.785546	9.375054	9.542283	10.094719	10.101764
200663_at	11.900286	11.608755	11.808857	11.910123	11.772147	11.768976	11.857664	11.863155	11.701160	11.724520	11.660090	11.819005	11.779668	11.637586	11.409271	11.953353	11.152056	11.614869	11.597874
200664_s_at	8.750994	8.705803	8.598620	9.636350	9.086108	9.113622	9.598531	8.675279	8.238251	8.628451	8.699109	8.919745	8.904172	11.814690	9.146871	8.932464	9.799643	10.765313	10.604561
200665_s_at	10.513262	9.525895	11.355224	9.982479	10.479910	10.467183	9.937979	10.775673	9.308358	9.509331	10.053220	10.246070	10.110214	9.670848	9.895847	10.619693	11.056259	10.402639	10.445403
200666_s_at	9.264190	9.458538	9.432850	10.072142	9.580420	9.547222	10.100177	9.148368	9.118538	9.020476	9.373411	9.425676	9.395428	11.370004	9.666282	9.501567	10.078739	10.431659	10.370723
200667_at	9.838079	9.819300	10.073958	10.165477	9.967766	10.052929	9.851125	9.912839	9.752593	9.685321	9.880233	9.838269	9.801683	10.352109	10.033416	9.883663	9.531203	10.045350	10.021794
200668_s_at	10.246841	9.865499	10.549089	10.839610	10.655710	10.628428	10.501584	10.592578	9.896422	10.243099	10.409349	10.504233	10.409349	10.597221	10.102943	10.051343	9.717634	10.196260	10.292200
200669_s_at	9.203197	8.460767	9.344544	9.799718	9.422903	9.376714	9.403272	9.390676	8.329280	9.268499	9.326352	9.310871	9.409459	9.247693	8.768912	9.184360	8.836730	9.141342	9.050296
200670_at	9.900390	9.687372	9.524606	11.815739	11.215584	11.185980	11.158331	10.859227	10.417760	10.941594	10.998128	11.039089	10.924132	7.386032	10.281071	11.126381	11.518410	10.832226	10.889313
200671_s_at	7.397674	7.106408	7.516134	7.455211	7.184838	7.275315	6.951641	7.140834	6.182581	6.991070	6.803477	6.939653	7.087554	6.627272	6.370292	6.614468	6.802100	6.388489	6.324236
200672_x_at	8.710958	8.052266	9.061047	8.487277	8.482677	8.631438	8.438819	8.492563	7.125442	7.831000	8.295726	8.325512	8.538602	7.996675	7.594452	7.770440	7.710000	7.807413	7.787747
200673_at	11.770324	11.391197	11.871552	11.854927	11.841283	11.853588	11.732677	11.839331	11.434526	11.714290	11.696170	11.802784	11.857009	11.053740	11.685830	11.571314	11.496245	11.437882	11.517569
200674_s_at	13.236175	13.145163	13.340927	13.177999	13.237044	13.247333	13.289061	13.318341	13.249933	13.464858	13.294343	13.278787	13.283544	13.258965	13.298298	13.104065	13.089973	13.176847	13.284089
200675_at	11.234349	11.037363	11.111373	10.525913	10.910429	10.945976	10.714881	10.878580	10.470641	10.673512	10.726909	10.765543	10.679752	10.134628	9.686697	10.456503	10.211867	10.215490	10.202902
200676_s_at	7.244276	7.313421	7.026917	7.160745	7.269539	7.147957	6.889478	6.760941	6.723889	6.845229	6.875803	6.875803	6.875803	6.476548	6.333631	6.843074	6.559038	6.644962	6.606715
200677_at	10.906383	10.621395	10.728720	10.970111	10.840116	10.823240	10.627506	10.876207	10.343159	10.585991	11.036745	10.767302	10.671803	10.587237	9.973254	10.815749	10.727941	10.597031	10.599942
200678_x_at	9.318673	9.426356	8.969926	8.843499	8.959212	8.963761	9.354438	8.911572	8.768104	9.448442	9.592217	9.191936	9.281884	9.421705	9.117967	10.183617	9.940623	9.823137	9.705407
200679_x_at	11.085617	10.697363	11.301956	11.028179	10.982538	11.008212	11.048315	11.043965	10.118805	10.985759	11.085036	11.058996	11.069449	10.704428	11.422684	10.694963	10.189488	10.879083	10.877749
200680_x_at	12.458656	12.467568	12.756906	12.394574	12.493822	12.527988	12.508539	12.458994	12.307279	12.466943	12.508539	12.502728	12.518731	12.426558	12.865476	12.293855	12.223289	12.629110	12.611033
200681_at	12.004808	12.647104	11.391238	11.968767	12.085051	12.081061	11.219574	11.676262	11.679972	11.631836	11.724749	11.603876	11.588590	10.840995	10.814162	10.424032	10.923684	10.830042	10.779984
200682_s_at	10.106292	9.958484	10.141443	10.368203	10.184279	10.224071	10.354700	10.178993	9.723412	10.204643	10.294290	10.283246	10.136730	8.989743	9.196876	10.072366	10.275979	9.728285	9.740254
200683_s_at	8.779037	8.769736	8.905843	9.113044	9.030688	9.017974	9.037128	8.920229	8.572276	9.026905	8.818060	8.978913	8.970509	7.351824	8.240697	8.565353	8.592499	8.092040	8.247881
200684_s_at	7.886218	8.005460	7.762007	7.996473	7.857184	7.892363	7.589560	7.555691	7.238514	7.599963	7.430727	7.582635	7.689018	6.896609	7.190585	7.300828	7.132092	6.997757	7.063353
200685_at	8.479043	8.296280	8.299545	8.263528	8.439096	8.449336	7.995735	8.351397	8.291746	7.995283	8.174242	8.171968	8.172920	7.721727	7.206462	7.258981	7.153618	7.321519	7.375353
200686_s_at	11.045184	10.902172	11.110524	11.133417	11.181941	11.186360	11.387936	11.256214	11.356786	10.988044	11.121449	11.298543	11.113335	11.194565	10.805462	10.795841	10.564507	10.782122	10.962447
200687_s_at	7.857281	7.896133	7.986732	8.250103	8.125742	8.006167	7.670236	8.006504	7.986732	7.996636	7.765544	7.888533	7.952558	8.367271	8.655372	7.870881	7.631975	8.103948	8.012818
200688_at	6.578989	6.751092	6.242499	6.372844	6.607670	6.535261	6.062717	6.166432	6.212891	6.200996	6.130402	6.223614	6.222087	7.053589	7.040621	6.595716	6.278385	6.485349	6.546020
200689_x_at	13.002881	13.013997	12.919737	12.909409	12.954371	12.897359	13.073658	12.921523	12.927399	13.243722	13.000070	13.048786	13.115817	12.775712	12.927399	12.580716	11.919628	12.701536	12.750805
200690_at	6.579463	6.698931	7.004392	7.515751	7.256630	7.287428	6.933973	7.114712	6.891328	6.270837	6.890523	6.900132	6.911264	6.472338	7.125249	7.558601	8.772352	7.360974	7.562804
200691_s_at	9.842062	9.775153	9.602799	10.364879	10.038129	9.958181	9.916881	9.830824	9.540159	9.954895	9.852893	9.906401	9.851321	10.266666	10.186558	10.281642	10.956687	10.490699	10.498883
200692_s_at	8.895744	8.523381	8.733101	9.968854	9.328990	9.379006	9.053627	9.120818	8.465956	9.087659	9.033744	9.184086	9.076854	9.350304	9.301391	9.517475	10.278486	9.586419	9.647379
200693_at	10.991151	10.797547	11.036100	11.229634	11.164049	11.093944	11.549800	11.306360	10.765657	11.493644	11.672730	11.551152	11.396897	11.442538	11.463676	11.028020	11.034747	11.189040	11.324669
200694_s_at	9.689399	9.423038	9.792917	9.533808	9.583063	9.562884	9.329593	9.385721	9.414111	9.327133	9.289105	9.411174	9.394102	9.506972	9.515816	9.067094	8.971562	9.287450	9.387639
200695_at	8.932600	9.087370	8.690316	8.965744	8.783175	8.808413	8.766780	8.605106	8.661614	9.094409	9.001638	8.769920	9.056251	8.414426	8.391776	8.346087	8.508772	8.451021	8.401705
200696_s_at	11.388370	10.782041	11.843190	10.455336	11.107799	10.994253	10.741073	11.838794	10.418626	10.682289	11.019376	11.169385	11.058717	9.899603	9.656457	9.994981	9.178792	9.652849	9.846432
200697_at	10.114809	10.087587	9.859724	10.000880	9.979135	9.928562	9.605070	9.586164	9.836176	9.904730	9.892092	9.704438	9.590374	7.868511	8.980759	9.418812	9.632769	9.191724	9.009456
200698_at	9.539573	9.624095	9.243445	10.363737	9.996891	9.833503	10.386386	9.832096	9.629352	10.018130	10.224918	10.154740	10.094817	8.377127	8.556644	9.583262	9.990688	9.193347	9.208902
200699_at	10.301181	10.780286	9.734462	10.341723	10.216264	10.228508	10.359464	9.741313	9.932172	9.978113	10.320998	10.149934	10.078979	9.336856	8.878663	9.880590	9.847495	9.445312	9.503269
200700_s_at	9.223912	8.832657	9.071184	10.465433	9.805334	9.863073	9.944734	9.805635	9.173326	10.202132	10.218968	10.017322	9.943442	8.426183	8.142645	10.062513	10.430328	9.555962	9.573759
200701_at	10.381852	10.125537	10.467738	9.910628	10.126045	10.119043	10.075021	10.485269	9.687426	10.268026	10.312459	10.307134	10.266307	8.939598	9.452919	11.207770	10.852164	10.454099	10.453981
200702_s_at	8.517687	8.436542	8.813333	7.755160	8.110497	8.296584	7.842546	7.415241	8.293864	7.401693	7.618377	7.642764	7.632469	8.552442	8.110497	8.083304	8.157997	8.245710	8.043442
200703_at	11.048463	10.392582	11.198836	11.173616	11.125386	11.056711	10.969781	11.196559	10.668760	10.847069	10.946988	10.983840	10.937389	11.124398	10.744678	11.649702	11.439628	11.357420	11.358974
200704_at	10.316940	10.460767	10.154693	9.889568	10.086913	10.091250	10.019519	9.869164	9.807286	10.006730	10.236622	10.064760	9.904786	9.141425	10.210793	9.514491	8.705197	9.511557	9.435494
200705_s_at	11.566665	11.231000	11.813207	11.584285	11.562173	11.586062	11.576746	11.825882	11.328499	11.810172	11.610529	11.704014	11.723372	11.040396	11.426924	10.631259	10.137026	10.819512	10.916156
200706_s_at	9.591206	9.736210	9.485954	9.710482	9.702739	9.603145	9.880868	9.570967	9.358745	9.570967	9.920086	9.739970	9.570967	8.689927	9.806432	9.348099	8.613069	9.173966	9.092526
200707_at	8.229183	8.414323	8.050843	8.208855	8.043646	8.196487	8.509416	7.963058	8.291746	8.547731	8.363871	8.414323	8.573187	8.855938	8.903863	8.635273	8.401429	8.718961	8.578302
200708_at	9.902924	10.356763	9.829452	10.542059	10.131038	10.168020	9.984556	9.752832	9.975329	9.694562	9.863750	9.893506	9.905545	8.453039	9.521782	10.434328	10.701784	9.987189	10.043828
200709_at	8.701345	8.625322	8.612229	9.319944	8.939444	8.886373	9.152867	8.820310	8.866931	8.662081	8.866931	8.889299	8.881378	8.267263	7.533351	9.432777	9.687433	8.906789	8.818522
200710_at	10.446103	10.580223	9.919801	11.042519	10.639092	10.595424	10.100005	10.287873	10.283118	10.084977	10.274418	10.185862	10.190450	8.888264	9.972648	10.500506	10.965443	10.301390	10.144691
200711_s_at	9.874963	9.745271	10.004039	10.179411	10.092982	10.065201	9.912905	9.966114	9.727776	9.918716	9.975115	9.944318	9.989501	8.648337	9.949985	9.943555	10.385455	9.905127	9.912318
200712_s_at	8.041790	7.042588	8.243755	8.232996	8.034874	8.078438	7.771007	8.140661	7.094885	7.633778	7.814220	7.940305	7.765617	8.104604	7.543606	7.269424	7.242094	7.602006	7.585890
200713_s_at	10.335784	9.709035	10.420949	9.870189	10.071297	10.042957	9.759198	10.064037	9.463509	9.878191	9.947448	9.915964	9.917163	10.738756	10.077013	9.781195	9.730703	10.166312	10.226685
200714_x_at	10.270908	10.132742	10.096023	10.200713	10.055119	10.049069	10.410417	10.011153	10.174354	10.438404	10.469143	10.331916	10.276481	9.751689	9.818420	9.829775	9.495212	9.783315	9.796819
200715_x_at	11.875833	11.799714	11.982016	11.863981	11.874758	11.879035	12.526102	12.227438	12.260071	12.555645	12.262719	12.380026	12.495549	11.143377	11.145522	10.909209	10.831692	11.063256	10.928216
200716_x_at	13.399868	13.378224	13.345108	13.294976	13.307936	13.312302	13.445268	13.338371	13.237304	13.654899	13.456048	13.495791	13.474685	13.150583	12.658126	12.977481	13.059056	13.010816	13.033705
200717_x_at	13.433568	13.345351	13.491063	13.433908	13.441991	13.421736	13.424836	13.452048	13.424350	13.406620	13.402738	13.428449	13.423141	13.330692	13.565641	13.172548	12.970918	13.403938	13.458563
200718_s_at	12.349079	12.205147	12.521610	12.548937	12.513595	12.535548	12.266465	12.312408	11.721573	12.179810	12.269190	12.284704	12.201315	11.432710	11.941014	12.026192	12.431823	12.044181	12.049081
200719_at	8.839802	8.969308	8.513766	8.957204	8.755214	8.769185	8.464937	8.363573	8.293016	8.307812	8.411911	8.371159	8.358798	6.765466	8.168717	8.522368	8.499103	8.040432	8.120067
200720_s_at	7.780459	7.468933	7.758848	8.330236	7.899795	8.025321	7.519142	7.562430	6.954371	7.568931	7.939540	7.677600	7.801541	6.298650	7.352180	7.056044	6.804347	7.228661	6.854974
200721_s_at	7.983138	8.392130	8.109933	7.956532	8.138692	7.990104	7.710910	7.763343	7.762817	7.750217	7.632920	7.728284	7.650024	7.344538	7.586517	7.570615	7.322810	7.492749	7.462299
200722_s_at	8.149409	7.764334	8.284871	8.789571	8.381519	8.375918	8.468149	8.478662	7.719102	8.796090	8.435094	8.434663	8.447444	8.328736	8.343746	7.728634	7.901981	8.187100	8.185446
200723_s_at	10.383768	9.994209	10.381721	10.574982	10.397524	10.358929	10.304257	10.592862	9.534378	10.615457	10.314189	10.475893	10.437809	10.470149	10.345996	9.592666	9.739397	10.065948	10.138218
